alpha = 0.5, epsilon = 0.02 (divide by 1.05 each time)
[3.0, 21.26, 2.64, 0.58, 15.22, 1.0, 8.73, 0.82, 5.01, 4.04, 0.93, 6.3, 1.18, 29.69, 11.6, 2.66, 0.86, 37.87, 0.98, 5.04, 1.36, 7.9, 21.51, 7.77, 16.56, 2.49, 11.26, 7.53, 0.56, 1.05, 33.85, 14.55, 6.93, 0.67, 1.35, 1.09, 27.35, 1.58, 5.97, 3.26, 5.02, 12.54, 15.93, 28.07, 4.81, 1.13, 5.03, 0.93, 1.32, 21.49]
[7.723988606931007, 48.234970716275974, 7.43575147513686, 0.6954135460285483, 41.788414662439635, 1.0099504938362078, 30.458448745791376, 0.8170679286326199, 10.69158079986304, 10.239062457080724, 0.6205642593640082, 12.598015716770638, 0.8411896337925235, 68.84674211609435, 47.050823584715275, 6.3090728320411715, 1.1833849753989611, 77.41713699175396, 1.174563748802082, 22.165703237208604, 1.2208193969625483, 19.58136869577814, 50.973031104693, 20.6909907930964, 39.46474882727623, 4.676526488752095, 30.0078723004481, 18.73363552543926, 0.6216108107168021, 1.1947803145348521, 96.18579676854583, 34.170272167485, 20.593812177447866, 0.8252878285786117, 1.243985530462473, 0.9390953093270139, 70.25017793571772, 1.632053920677868, 14.274070897960398, 6.40565375274062, 17.568710823506656, 36.48216550590165, 44.53027172609662, 67.22205813570424, 14.508407907141294, 1.0738249391777042, 15.29408709272966, 1.0977704678119193, 1.771327186038762, 51.2957103469676]
[62, 236, 70, 3, 229, 5, 255, 4, 54, 83, 2, 66, 4, 396, 401, 50, 7, 569, 7, 201, 7, 133, 317, 143, 281, 25, 175, 112, 2, 5, 687, 184, 161, 4, 7, 7, 589, 8, 66, 48, 151, 221, 277, 340, 92, 7, 133, 6, 12, 256]
[array([0., 0., 1., 1., 1., 1., 1., 3., 6.]), array([ 0. ,  0. ,  1. ,  1. ,  1. ,  2. ,  5.3, 12.4, 76. ]), array([0. , 1. , 1. , 1. , 1. , 1. , 1.3, 2. , 5. ]), array([0., 0., 0., 0., 0., 1., 1., 1., 1.]), array([ 0. ,  1. ,  1. ,  1. ,  1. ,  1. ,  2. ,  3.4, 45.1]), array([0., 0., 0., 1., 1., 1., 1., 1., 2.]), array([ 0. ,  0. ,  0.7,  1. ,  1. ,  1. ,  1.3,  2. , 12.1]), array([0., 0., 0., 1., 1., 1., 1., 1., 2.]), array([ 0. ,  0. ,  0. ,  0. ,  1. ,  1. ,  2.3,  6.2, 14. ]), array([ 0. ,  0. ,  0. ,  1. ,  1. ,  1. ,  1. ,  4. , 12.1]), array([0., 0., 1., 1., 1., 1., 1., 1., 2.]), array([ 1. ,  1. ,  1. ,  1. ,  1. ,  1. ,  2. ,  5. , 21.2]), array([0., 1., 1., 1., 1., 1., 1., 2., 2.]), array([  0. ,   0. ,   0. ,   0. ,   1. ,   1. ,   2. ,  24.8, 113.5]), array([ 0. ,  0. ,  1. ,  1. ,  1. ,  2. ,  3. ,  4.2, 15.2]), array([0., 1., 1., 1., 1., 1., 1., 2., 3.]), array([0., 0., 0., 0., 1., 1., 1., 1., 2.]), array([  0. ,   1. ,   1. ,   1. ,   1. ,   5.2,  22.6,  55. , 146.3]), array([0., 0., 0., 1., 1., 1., 1., 1., 2.]), array([0. , 0. , 0. , 0. , 0. , 0. , 1. , 2. , 5.3]), array([0., 0., 1., 1., 1., 1., 2., 2., 3.]), array([ 0. ,  0. ,  0. ,  0. ,  1. ,  1.4,  3. ,  9.2, 20.1]), array([ 0. ,  0. ,  0. ,  1. ,  1. ,  1. ,  2. , 26.2, 75.1]), array([ 0. ,  1. ,  1. ,  1. ,  1. ,  1. ,  2. ,  4.4, 15.2]), array([ 0. ,  1. ,  1. ,  1. ,  1. ,  1. ,  2. , 23.4, 47. ]), array([0. , 0. , 0. , 0.6, 1. , 1. , 2. , 3.2, 8. ]), array([ 0. ,  1. ,  1. ,  1. ,  1. ,  2. ,  2. , 10. , 23.1]), array([ 0. ,  1. ,  1. ,  1. ,  1. ,  2. ,  2. ,  4.2, 19.2]), array([0., 0., 0., 0., 0., 1., 1., 1., 1.]), array([0. , 0. , 0. , 1. , 1. , 1. , 1. , 1.2, 2.1]), array([ 0. ,  1. ,  1. ,  1. ,  1. ,  2. ,  7.3, 22.6, 84.1]), array([ 0. ,  0. ,  0.7,  1. ,  1. ,  1. ,  2. ,  7.6, 51.8]), array([ 0. ,  0. ,  0. ,  0. ,  1. ,  1. ,  2. ,  5. , 15.1]), array([0., 0., 0., 0., 1., 1., 1., 1., 1.]), array([0. , 0.8, 1. , 1. , 1. , 1. , 1. , 2. , 3. ]), array([0., 1., 1., 1., 1., 1., 1., 1., 2.]), array([ 0. ,  0. ,  0. ,  1. ,  1. ,  3.4, 10. , 37.4, 95.1]), array([0. , 1. , 1. , 1. , 1. , 1. , 1. , 2. , 3.1]), array([ 0. ,  1. ,  1. ,  1. ,  1. ,  1. ,  1.3,  3. , 14.2]), array([0., 0., 0., 0., 1., 1., 3., 5., 8.]), array([0. , 0.8, 1. , 1. , 1. , 1. , 1. , 2. , 6.2]), array([ 0. ,  1. ,  1. ,  1. ,  1. ,  1. ,  3. ,  5. , 20.1]), array([ 0. ,  0. ,  1. ,  1. ,  1. ,  1. ,  2. ,  7.2, 42.3]), array([ 0. ,  1. ,  1. ,  1. ,  1. ,  2. ,  6. , 26.2, 84.6]), array([0. , 0. , 1. , 1. , 1. , 1. , 1. , 2. , 4.1]), array([0., 0., 1., 1., 1., 1., 1., 2., 2.]), array([0. , 1. , 1. , 1. , 1. , 1.4, 2. , 2.2, 9. ]), array([0., 0., 0., 0., 1., 1., 1., 2., 2.]), array([0., 0., 1., 1., 1., 1., 1., 2., 3.]), array([ 0. ,  0. ,  0. ,  1. ,  1. ,  1. ,  2. , 21.8, 79.6])]
Mean of Means: 8.6054

alpha = 0.5, epsilon = 0.01 (divide by 1.05 each time)
[1.0, 1.54, 27.2, 1.53, 0.96, 12.45, 6.0, 1.73, 14.02, 3.81, 9.9, 1.27, 16.41, 1.63, 19.1, 6.36, 15.27, 1.43, 6.23, 2.2, 24.99, 13.45, 10.26, 0.72, 3.07, 0.68, 6.95, 1.19, 0.85, 8.77, 9.49, 0.66, 0.66, 51.25, 14.13, 6.23, 9.88, 6.4, 33.34, 10.35, 6.7, 1.13, 23.63, 11.34, 20.93, 1.09, 1.18, 21.46, 18.85, 4.63]
[1.2165525060596438, 1.6335237984186215, 74.06740173652643, 2.0613345191889647, 0.72, 59.86674786557226, 18.242258632088298, 2.4407171077369862, 32.7377396898442, 14.155348812374775, 25.627134057478997, 2.1993408103338603, 45.63378025103771, 2.9108589797515094, 57.58654356705219, 15.956515910436087, 37.577348230017506, 1.5182555779578089, 15.07637555913224, 4.872371086031933, 59.054465538179244, 43.07374490336312, 23.19897411524915, 1.0777754868245986, 4.810935459970337, 0.705407683541936, 22.87635241903744, 1.3014991356124674, 0.841130192063036, 28.012802430317464, 38.563323248911004, 0.6514598989960932, 0.8027452896155791, 108.72813573312108, 38.01622153765416, 13.897377450440064, 27.103239658756664, 16.446884203398525, 70.73672596325052, 25.324049834100393, 13.439866070761271, 2.2963231479911532, 52.124208387274344, 27.85613756427836, 52.68363218306042, 0.8257723657279893, 1.3444701558606647, 50.829208138628324, 49.02986334877958, 12.067853993150564]
[6, 10, 547, 13, 3, 574, 98, 10, 204, 116, 174, 14, 357, 15, 456, 95, 220, 9, 84, 33, 425, 318, 125, 7, 25, 3, 190, 6, 4, 233, 299, 3, 3, 644, 236, 77, 153, 93, 443, 149, 95, 14, 300, 186, 340, 5, 8, 302, 345, 104]
[array([0. , 0. , 0. , 1. , 1. , 1. , 1. , 1. , 2.1]), array([0.9, 1. , 1. , 1. , 1. , 1. , 1. , 2. , 3. ]), array([ 0. ,  1. ,  1. ,  1. ,  1. ,  2. ,  3. , 24.2, 78.7]), array([0. , 0. , 0. , 1. , 1. , 1. , 2. , 2.2, 4. ]), array([0., 0., 1., 1., 1., 1., 1., 1., 2.]), array([ 0. ,  0. ,  0. ,  1. ,  1. ,  1. ,  2. ,  6. , 12.2]), array([ 0. ,  0. ,  0. ,  0. ,  1. ,  1. ,  1. ,  2.2, 12.1]), array([0., 0., 0., 0., 1., 1., 2., 3., 5.]), array([ 0. ,  1. ,  1. ,  1. ,  1. ,  1.4,  3.3, 16.4, 43. ]), array([0., 0., 1., 1., 1., 1., 1., 2., 4.]), array([ 0. ,  0. ,  1. ,  1. ,  1. ,  1. ,  1.3,  5. , 34.1]), array([0. , 0. , 0. , 0. , 1. , 1. , 1. , 1.2, 3. ]), array([ 0. ,  0. ,  0. ,  0. ,  1. ,  1. ,  2.3, 13. , 51.3]), array([0. , 0. , 0. , 0. , 0.5, 1. , 1. , 2.2, 5. ]), array([ 0. ,  0.8,  1. ,  1. ,  1. ,  1. ,  2. ,  7. , 54. ]), array([ 0. ,  0. ,  0. ,  0. ,  0. ,  1. ,  1.3,  4.2, 19.1]), array([ 0. ,  1. ,  1. ,  1. ,  1. ,  2. ,  3. ,  8.4, 47.6]), array([0., 0., 1., 1., 1., 1., 2., 2., 3.]), array([ 0. ,  0. ,  0. ,  1. ,  1. ,  1. ,  1.3,  5.2, 22.1]), array([0., 0., 1., 1., 1., 1., 1., 2., 4.]), array([ 0. ,  1. ,  1. ,  1. ,  1.5,  3. ,  6.3, 29.8, 85.1]), array([ 0. ,  1. ,  1. ,  1. ,  1. ,  1. ,  1. ,  3.2, 28.5]), array([ 0. ,  1. ,  1. ,  1. ,  1. ,  1.4,  3. ,  8.2, 34. ]), array([0., 0., 0., 0., 0., 1., 1., 1., 2.]), array([0. , 1. , 1. , 1. , 1. , 1.4, 2. , 3.2, 8.1]), array([0., 0., 0., 0., 1., 1., 1., 1., 2.]), array([0. , 0. , 1. , 1. , 1. , 2. , 2.3, 3. , 8.3]), array([0., 0., 1., 1., 1., 1., 1., 2., 3.]), array([0., 0., 0., 1., 1., 1., 1., 1., 2.]), array([ 0. ,  1. ,  1. ,  1. ,  1. ,  1. ,  2. ,  3. , 12.2]), array([0. , 1. , 1. , 1. , 1. , 2. , 3. , 4. , 5.1]), array([0., 0., 0., 0., 1., 1., 1., 1., 1.]), array([0., 0., 0., 0., 0., 1., 1., 1., 2.]), array([  0. ,   1. ,   1. ,   1. ,   1. ,   2. ,   5. ,  75.8, 199.2]), array([ 0. ,  1. ,  1. ,  1. ,  1. ,  1. ,  2. , 13. , 39.2]), array([ 0. ,  0. ,  0. ,  0. ,  0. ,  1. ,  1. ,  6.2, 19.7]), array([ 0. ,  0. ,  0. ,  1. ,  1. ,  1. ,  2. ,  3.2, 30.6]), array([ 0. ,  0. ,  1. ,  1. ,  1. ,  2. ,  2.3,  4. , 10.3]), array([  0. ,   0. ,   0. ,   0. ,   1. ,   1. ,   7.5,  63. , 125.3]), array([ 0. ,  1. ,  1. ,  1. ,  1. ,  2. ,  2.3,  9. , 22.1]), array([ 0. ,  1. ,  1. ,  1. ,  1. ,  3. ,  4.3,  8. , 18.1]), array([0., 0., 0., 0., 1., 1., 1., 1., 2.]), array([ 0. ,  1. ,  1. ,  1. ,  1. ,  2. ,  2.3, 28.4, 80.7]), array([ 0. ,  1. ,  1. ,  1. ,  2. ,  2. ,  3. ,  6.6, 33.1]), array([ 1. ,  1. ,  1. ,  1. ,  1. ,  2. ,  3. , 15.2, 69. ]), array([0., 1., 1., 1., 1., 1., 1., 1., 2.]), array([0., 0., 1., 1., 1., 1., 1., 2., 2.]), array([ 0. ,  0. ,  0. ,  0. ,  1. ,  1. ,  3.3, 28. , 79.8]), array([ 0. ,  1. ,  1. ,  1. ,  1. ,  2. ,  3.3, 19. , 48.2]), array([ 0.,  1.,  1.,  1.,  1.,  1.,  2.,  4., 14.])]
Mean of Means: 9.486

alpha = 1, epsilon = 0.02 (divide by 1.05 each time)
[1.58, 0.64, 18.64, 0.89, 11.93, 21.34, 1.37, 2.59, 25.26, 0.4, 15.6, 2.88, 7.68, 25.26, 1.23, 2.03, 11.32, 1.0, 12.36, 15.4, 27.51, 0.74, 1.22, 0.33, 1.76, 9.66, 8.04, 3.64, 20.08, 22.14, 12.41, 0.74, 6.14, 2.45, 8.83, 6.87, 15.37, 0.71, 18.75, 0.48, 0.45, 15.1, 0.55, 4.86, 3.31, 1.8, 2.19, 1.01, 0.62, 1.24]
[1.7156922801015337, 0.7418894796396563, 52.45484153059659, 0.7860661549767933, 32.6387055503125, 56.40482603465771, 1.724267960614011, 11.627635185195654, 64.89662857190658, 0.8717797887081346, 35.81731424883781, 6.597393424679174, 16.2971653977003, 73.44993124571323, 2.353104332578562, 6.879614814798862, 39.65775586187399, 1.1575836902790226, 34.007505054031824, 48.07702153836072, 58.5270014608642, 0.6726068688320095, 1.3753544997563354, 0.6333245613427605, 2.177705214210592, 25.812872757599067, 23.55203600540726, 8.47764118136643, 38.071952931258984, 55.39639338440727, 35.40256911581418, 1.404421589124861, 16.56443177413581, 11.680218319877417, 19.9815189612802, 24.891627106318296, 32.38939795673886, 0.667757440991862, 57.35335648416751, 0.7547184905645283, 0.5172040216394301, 36.69482252307538, 0.9937303457175894, 10.938025415951456, 7.9595163169629854, 3.818376618407356, 3.3784463885046327, 1.3963881981741324, 1.0274239631233058, 1.1672189169131897]
[9, 4, 251, 4, 184, 396, 10, 110, 373, 7, 175, 48, 97, 627, 15, 54, 319, 6, 223, 365, 282, 3, 9, 3, 11, 154, 173, 57, 181, 246, 293, 11, 133, 118, 116, 180, 179, 2, 465, 3, 2, 205, 5, 76, 50, 22, 15, 8, 4, 6]
[array([0., 0., 1., 1., 1., 1., 2., 2., 4.]), array([0., 0., 0., 0., 1., 1., 1., 1., 2.]), array([ 0. ,  1. ,  1. ,  1. ,  1. ,  1.4,  3. ,  5.2, 47.1]), array([0., 0., 0., 1., 1., 1., 1., 1., 2.]), array([ 0. ,  0. ,  0. ,  0.6,  1. ,  1. ,  1.3,  6. , 45.1]), array([ 0. ,  0. ,  1. ,  1. ,  1. ,  1. ,  3.3, 22.2, 70.4]), array([0. , 0. , 0.7, 1. , 1. , 1. , 1.3, 2. , 3. ]), array([0., 0., 0., 0., 0., 1., 1., 2., 3.]), array([ 0. ,  1. ,  1. ,  1. ,  1. ,  2. ,  4.3,  9.4, 90.2]), array([0. , 0. , 0. , 0. , 0. , 0. , 0.3, 1. , 1. ]), array([ 0. ,  0. ,  0. ,  1. ,  1. ,  2. ,  4.3, 11.4, 74.9]), array([0. , 0. , 1. , 1. , 1. , 1. , 2. , 2.2, 5.1]), array([ 0. ,  0. ,  1. ,  1. ,  1. ,  2. ,  3. ,  6.4, 27.1]), array([ 0. ,  0. ,  0. ,  1. ,  1. ,  1.4, 10. , 16.8, 72.2]), array([0., 0., 0., 0., 1., 1., 1., 1., 3.]), array([0. , 0. , 0. , 0. , 0. , 1. , 1. , 1.2, 3. ]), array([ 0. ,  0. ,  0. ,  1. ,  1. ,  1.4,  2. ,  4. , 20.4]), array([0. , 0. , 0. , 1. , 1. , 1. , 1. , 2. , 2.1]), array([ 0. ,  1. ,  1. ,  1. ,  1. ,  1. ,  2. ,  4. , 40.1]), array([ 0. ,  1. ,  1. ,  1. ,  1. ,  1. ,  3.3, 13.2, 27.1]), array([  0. ,   0. ,   0. ,   1. ,   1. ,   1.4,   3.6,  32.4, 124.5]), array([0., 0., 0., 1., 1., 1., 1., 1., 2.]), array([0. , 0. , 1. , 1. , 1. , 1. , 1. , 1.2, 2.1]), array([0., 0., 0., 0., 0., 0., 0., 1., 1.]), array([0., 1., 1., 1., 1., 1., 1., 2., 5.]), array([ 0. ,  1. ,  1. ,  1. ,  1. ,  2. ,  3. ,  6. , 21.4]), array([ 0. ,  1. ,  1. ,  1. ,  1. ,  1. ,  1. ,  2. , 24.4]), array([0. , 0. , 1. , 1. , 1. , 1. , 2. , 3. , 8.1]), array([ 0. ,  1. ,  1. ,  1. ,  2. ,  2. ,  8.2, 36. , 63.4]), array([ 0. ,  1. ,  1. ,  1. ,  1. ,  1. ,  2. , 10. , 69.7]), array([ 0. ,  0. ,  0. ,  0. ,  1. ,  1. ,  3.3, 11.4, 39.2]), array([0., 0., 0., 0., 0., 1., 1., 1., 2.]), array([ 0. ,  0. ,  1. ,  1. ,  1. ,  1. ,  2. ,  3.2, 21.1]), array([0. , 0.8, 1. , 1. , 1. , 1. , 1. , 2. , 3. ]), array([ 0. ,  0. ,  1. ,  1. ,  1. ,  1. ,  3.3,  7. , 25.1]), array([0. , 0. , 1. , 1. , 1. , 1. , 1. , 2. , 7.3]), array([ 0. ,  0. ,  1. ,  1. ,  1. ,  1. ,  4.3, 26.6, 42.1]), array([0., 0., 0., 0., 1., 1., 1., 1., 2.]), array([ 0. ,  1. ,  1. ,  1. ,  1. ,  1. ,  1. ,  6. , 54.2]), array([0., 0., 0., 0., 0., 0., 1., 1., 1.]), array([0., 0., 0., 0., 0., 1., 1., 1., 1.]), array([ 0. ,  1. ,  1. ,  1. ,  1. ,  1. ,  2.3, 12.4, 36.5]), array([0. , 0. , 0. , 0. , 0. , 0. , 1. , 1. , 1.1]), array([ 0. ,  0. ,  1. ,  1. ,  1. ,  1. ,  2. ,  4. , 13.2]), array([0. , 0. , 1. , 1. , 1. , 1. , 2. , 2. , 6.3]), array([0. , 0. , 0. , 0. , 1. , 1. , 1. , 1. , 4.1]), array([0. , 0. , 1. , 1. , 1. , 1. , 1.3, 3. , 6.1]), array([0., 0., 0., 0., 1., 1., 1., 1., 3.]), array([0., 0., 0., 0., 0., 0., 1., 1., 2.]), array([0. , 0.8, 1. , 1. , 1. , 1. , 1. , 2. , 3. ])]
Mean of Means: 7.568

alpha = 0.2, epsilon = 0.02 (divide by 1.05 each time)
[0.67, 21.28, 2.75, 9.5, 0.74, 0.4, 0.76, 1.4, 11.96, 14.71, 0.49, 8.44, 0.89, 10.7, 3.05, 5.93, 17.67, 0.94, 0.59, 7.41, 0.87, 0.72, 0.32, 1.08, 10.02, 5.03, 0.63, 10.42, 3.92, 7.15, 0.51, 1.08, 25.12, 0.52, 0.19, 1.16, 23.14, 29.0, 0.71, 1.99, 0.93, 3.94, 9.92, 6.16, 0.89, 0.6, 1.67, 18.82, 12.49, 0.87]
[1.1666619047521867, 46.404327384415346, 4.869034811951954, 19.171593569654036, 0.6726068688320095, 0.648074069840786, 0.6799999999999999, 1.1489125293076055, 24.932276269927698, 31.943479772873832, 0.7549172140042907, 32.29189371963187, 0.6307931515164062, 36.81507843262051, 5.354203955771577, 13.878944484361913, 46.83226558687931, 0.7851114570556209, 0.8613361713059542, 28.70403978536819, 0.577148161220323, 0.7222188034107115, 0.5268775948927796, 2.3267144216684605, 26.56688916678052, 10.707431998383178, 0.8325262758616092, 19.715060233232865, 9.400723376421626, 20.605035792252338, 0.8543418519538886, 1.0166612021711068, 62.614739478816006, 0.8997777503361595, 0.5233545643251809, 1.2387090053761618, 64.91471635923553, 68.17052148839703, 1.0797684937059424, 3.2015465013021442, 0.6964912059746339, 13.309259934346462, 24.854247121970925, 14.546284749034719, 0.8111103500757465, 0.7348469228349535, 2.9700336698428185, 35.620044918556744, 38.12885914894385, 0.7163099887618488]
[10, 242, 27, 102, 3, 4, 3, 6, 131, 180, 4, 208, 3, 249, 30, 84, 328, 4, 3, 234, 4, 3, 2, 15, 166, 80, 4, 109, 60, 141, 5, 4, 290, 6, 3, 5, 434, 426, 4, 19, 3, 108, 181, 113, 4, 3, 19, 202, 258, 4]
[array([0., 0., 0., 0., 0., 1., 1., 1., 2.]), array([ 0. ,  1. ,  1. ,  1. ,  1. ,  2. ,  4. , 23.4, 91.3]), array([0., 0., 1., 1., 1., 1., 2., 4., 7.]), array([ 0. ,  1. ,  1. ,  1. ,  1. ,  1.4,  4. , 12.6, 26.2]), array([0., 0., 0., 1., 1., 1., 1., 1., 1.]), array([0., 0., 0., 0., 0., 0., 1., 1., 1.]), array([0. , 0. , 0. , 1. , 1. , 1. , 1. , 1. , 1.1]), array([0., 1., 1., 1., 1., 1., 1., 2., 3.]), array([ 0. ,  1. ,  1. ,  1. ,  1. ,  2. ,  4. , 14.2, 43.6]), array([ 0. ,  0. ,  0. ,  0. ,  0. ,  1. ,  3. , 18. , 61.8]), array([0., 0., 0., 0., 0., 0., 1., 1., 1.]), array([0. , 0. , 0. , 0. , 0. , 1. , 1. , 1. , 7.1]), array([0., 0., 1., 1., 1., 1., 1., 1., 2.]), array([ 0. ,  0. ,  0. ,  0. ,  0. ,  1. ,  1. ,  2.2, 28.2]), array([0. , 0. , 1. , 1. , 1. , 1. , 2. , 3.2, 7.4]), array([ 0. ,  0. ,  1. ,  1. ,  1. ,  1. ,  2. ,  5. , 19.1]), array([ 0.,  0.,  0.,  0.,  1.,  1.,  3., 16., 54.]), array([0., 0., 1., 1., 1., 1., 1., 1., 2.]), array([0., 0., 0., 0., 0., 0., 1., 1., 2.]), array([ 0.,  0.,  0.,  0.,  0.,  0.,  1.,  2., 11.]), array([0. , 0.8, 1. , 1. , 1. , 1. , 1. , 1. , 1. ]), array([0., 0., 0., 0., 1., 1., 1., 1., 2.]), array([0., 0., 0., 0., 0., 0., 0., 1., 1.]), array([0., 0., 0., 0., 0., 1., 1., 1., 3.]), array([ 0. ,  0. ,  0. ,  0. ,  1. ,  1. ,  1. ,  3. , 34.1]), array([ 0.,  0.,  1.,  1.,  1.,  2.,  2.,  6., 16.]), array([0., 0., 0., 0., 0., 1., 1., 1., 2.]), array([ 0. ,  1. ,  1. ,  1.6,  2. ,  3. ,  6. , 13.4, 36.1]), array([ 0. ,  0. ,  0. ,  0. ,  1. ,  1. ,  2. ,  4. , 10.1]), array([ 0. ,  0. ,  0. ,  0. ,  1. ,  1. ,  1. ,  4.2, 16.1]), array([0., 0., 0., 0., 0., 0., 1., 1., 2.]), array([0., 0., 0., 1., 1., 1., 1., 2., 2.]), array([  0. ,   0. ,   0. ,   0. ,   0.5,   1. ,   2. ,  13. , 114.3]), array([0. , 0. , 0. , 0. , 0. , 0. , 1. , 1. , 1.1]), array([0., 0., 0., 0., 0., 0., 0., 0., 1.]), array([0., 0., 0., 1., 1., 1., 1., 2., 3.]), array([ 0. ,  1. ,  1. ,  1. ,  1. ,  1. ,  2. , 10.8, 62.8]), array([  0.9,   1. ,   1. ,   1. ,   1. ,   1.4,   3. ,  11.6, 127.5]), array([0. , 0. , 0. , 0. , 0. , 0.4, 1. , 1. , 2. ]), array([0. , 0. , 1. , 1. , 1. , 1. , 2. , 2. , 4.2]), array([0., 0., 1., 1., 1., 1., 1., 1., 2.]), array([0. , 1. , 1. , 1. , 1. , 1. , 1.3, 2. , 4.1]), array([ 0. ,  0. ,  0. ,  1. ,  1. ,  2. ,  4. , 10.4, 22.3]), array([ 0. ,  1. ,  1. ,  1. ,  1. ,  1. ,  2. ,  4. , 19.2]), array([0., 0., 0., 1., 1., 1., 1., 1., 2.]), array([0., 0., 0., 0., 0., 1., 1., 1., 2.]), array([0., 0., 0., 0., 1., 1., 1., 2., 5.]), array([ 0. ,  1. ,  1. ,  1. ,  2. ,  4. , 15.3, 25.2, 65.4]), array([ 0. ,  1. ,  1. ,  1. ,  1. ,  2. ,  2. ,  7.2, 19.3]), array([0., 0., 1., 1., 1., 1., 1., 1., 2.])]
Mean of Means: 6.003000000000001

alpha = 0.2, epsilon = 0.1 (divide by 1.05 each time)
[0.83, 8.16, 1.08, 1.89, 0.75, 0.72, 1.83, 2.43, 31.4, 0.95, 0.74, 7.2, 0.83, 1.4, 0.85, 8.81, 1.3, 0.8, 0.88, 12.45, 0.93, 1.07, 0.9, 0.89, 0.39, 0.6, 0.54, 8.62, 1.09, 1.0, 1.15, 0.67, 11.83, 0.98, 0.52, 0.64, 0.48, 1.32, 0.62, 6.15, 0.81, 1.46, 1.62, 1.57, 1.02, 0.6, 0.92, 20.78, 1.08, 1.09]
[0.6641535966928133, 20.691892131943852, 1.0552724766618335, 3.146092814905498, 1.2359207094308275, 0.7884161337770809, 3.8782857037613927, 6.6200528698795145, 64.21853315048547, 0.7664854858377945, 1.0061808982484213, 17.445343218177165, 0.8006872048434395, 2.1166010488516727, 0.804673846971554, 27.71270286348843, 1.9313207915827966, 0.7615773105863908, 0.8158431221748457, 28.084648831701635, 0.8972736483370056, 1.4983657764377827, 0.8185352771872451, 1.1215614116043757, 0.5812916651733447, 0.7615773105863908, 0.7799999999999999, 20.897741504765534, 0.8728688332160796, 1.4422205101855958, 0.864580823289529, 0.8608716512930368, 26.870078153961515, 1.0486181383134663, 0.6554387843269577, 0.656048778674269, 0.8772684879784524, 2.087486526902629, 0.6128621378417825, 15.43267637190646, 2.1479990689011017, 1.9617339269126177, 1.9067249408344142, 2.0211630315241766, 0.86, 0.824621125123532, 0.9130169768410662, 47.37479920801776, 1.3392535234226566, 1.1584040745784692]
[3, 137, 7, 17, 7, 4, 30, 59, 371, 4, 4, 83, 5, 13, 5, 187, 11, 5, 5, 146, 5, 8, 3, 7, 2, 3, 4, 138, 5, 8, 5, 4, 170, 5, 3, 3, 7, 16, 3, 98, 19, 14, 12, 15, 4, 3, 4, 279, 12, 6]
[array([0. , 0. , 0.7, 1. , 1. , 1. , 1. , 1. , 2. ]), array([ 0. ,  0. ,  1. ,  1. ,  1. ,  1. ,  2. ,  6. , 23.4]), array([0., 0., 1., 1., 1., 1., 1., 2., 2.]), array([0. , 0. , 0. , 1. , 1. , 1. , 1.3, 2. , 6.1]), array([0. , 0. , 0. , 0. , 0. , 0.4, 1. , 1. , 2. ]), array([0., 0., 0., 0., 1., 1., 1., 1., 2.]), array([0., 1., 1., 1., 1., 1., 1., 2., 3.]), array([0., 0., 1., 1., 1., 1., 1., 2., 4.]), array([  0. ,   0. ,   1. ,   1. ,   1. ,   4. ,  19.3,  49.2, 107.1]), array([0., 0., 1., 1., 1., 1., 1., 1., 2.]), array([0., 0., 0., 0., 0., 1., 1., 1., 2.]), array([ 0. ,  0. ,  0. ,  0. ,  1. ,  1. ,  2. ,  5.2, 20. ]), array([0., 0., 0., 1., 1., 1., 1., 1., 2.]), array([0. , 0. , 0. , 1. , 1. , 1. , 1. , 2. , 3.1]), array([0. , 0. , 0. , 1. , 1. , 1. , 1. , 1. , 1.1]), array([ 0. ,  0. ,  1. ,  1. ,  1. ,  1. ,  2. ,  5. , 17.8]), array([0., 0., 0., 0., 1., 1., 1., 2., 4.]), array([0., 0., 0., 1., 1., 1., 1., 1., 1.]), array([0. , 0. , 0.7, 1. , 1. , 1. , 1. , 1. , 2. ]), array([ 0. ,  0. ,  1. ,  1. ,  1. ,  2. ,  4. , 10. , 36.4]), array([0., 0., 1., 1., 1., 1., 1., 1., 2.]), array([0., 0., 0., 0., 1., 1., 1., 2., 3.]), array([0., 0., 0., 1., 1., 1., 1., 1., 2.]), array([0., 0., 0., 1., 1., 1., 1., 1., 2.]), array([0., 0., 0., 0., 0., 0., 1., 1., 1.]), array([0., 0., 0., 0., 0., 1., 1., 1., 1.]), array([0. , 0. , 0. , 0. , 0. , 0.4, 1. , 1. , 2. ]), array([ 0. ,  0. ,  0. ,  0. ,  0. ,  1. ,  2. ,  5.4, 37.2]), array([0. , 0.8, 1. , 1. , 1. , 1. , 1. , 1. , 2. ]), array([0. , 0. , 0. , 0. , 1. , 1. , 1. , 1.2, 2.1]), array([0. , 1. , 1. , 1. , 1. , 1. , 1. , 1.2, 2. ]), array([0. , 0. , 0. , 0. , 0.5, 1. , 1. , 1. , 1.1]), array([ 0. ,  0.8,  1. ,  1. ,  1. ,  2. ,  2.3, 10.4, 41.1]), array([0., 0., 0., 1., 1., 1., 1., 2., 2.]), array([0., 0., 0., 0., 0., 1., 1., 1., 1.]), array([0., 0., 0., 0., 1., 1., 1., 1., 1.]), array([0., 0., 0., 0., 0., 0., 1., 1., 1.]), array([0., 0., 0., 1., 1., 1., 1., 1., 3.]), array([0., 0., 0., 0., 1., 1., 1., 1., 1.]), array([ 0. ,  1. ,  1. ,  1. ,  1. ,  2. ,  3. ,  4. , 17.2]), array([0., 0., 0., 0., 0., 0., 1., 1., 2.]), array([0. , 0. , 0.7, 1. , 1. , 1. , 2. , 2. , 3. ]), array([0. , 1. , 1. , 1. , 1. , 1. , 1.3, 2. , 4. ]), array([0. , 1. , 1. , 1. , 1. , 1. , 1.3, 2. , 3.1]), array([0., 0., 1., 1., 1., 1., 1., 1., 2.]), array([0., 0., 0., 0., 0., 1., 1., 1., 2.]), array([0., 0., 0., 1., 1., 1., 1., 1., 2.]), array([ 0. ,  1. ,  1. ,  1. ,  1. ,  2. ,  6. , 21.6, 69.4]), array([0., 0., 1., 1., 1., 1., 1., 1., 2.]), array([0., 0., 0., 1., 1., 1., 1., 2., 3.])]
Mean of Means: 3.1328000000000005

alpha = 0.2, epsilon = 0.2 (divide by 1.05 each time)
[1.24, 0.82, 0.68, 11.18, 1.21, 0.57, 0.96, 1.08, 0.77, 1.05, 15.79, 0.55, 8.23, 1.26, 0.63, 0.61, 0.7, 12.89, 1.34, 0.57, 0.75, 1.35, 0.94, 0.71, 5.94, 0.26, 1.38, 0.83, 5.63, 0.76, 2.59, 0.76, 1.81, 0.76, 1.87, 1.09, 0.73, 0.72, 0.71, 0.79, 0.86, 1.09, 0.6, 10.43, 0.92, 3.29, 0.79, 1.12, 0.82, 1.12]
[2.5381883302859936, 1.013706071797935, 0.8704022058795577, 31.50440604106035, 1.8509186908127542, 0.6519969325081215, 0.9789790600416333, 1.092520022699813, 0.7596709814123481, 1.3811227316933132, 35.99313684579325, 0.6982120021884471, 20.053854990998612, 1.9006314740106776, 0.5413871073455665, 0.7334166619323562, 0.754983443527075, 31.58414000728847, 1.518025032731674, 0.6671581521648371, 1.2519984025548914, 1.6575584454250778, 0.925418824100742, 0.667757440991862, 16.496557216583103, 0.5023942674832188, 2.4850754515708373, 1.1050339361304702, 13.48232546706984, 0.8138795979750322, 7.519434819186878, 0.873155198117723, 3.0189236492498446, 1.0403845442911963, 4.355812208991568, 1.0401442207694085, 0.6301587101675259, 0.649307323229917, 0.9622369770487933, 0.816026960338934, 0.8834025130143109, 1.8226080214900846, 0.6633249580710799, 35.02377906508662, 1.1285388783732708, 7.040305391103428, 0.840178552451799, 1.351147660324363, 1.1779643458101776, 1.9405153954555476]
[22, 6, 4, 166, 14, 2, 5, 5, 3, 10, 173, 3, 124, 18, 2, 4, 4, 182, 9, 3, 11, 9, 5, 4, 114, 2, 15, 6, 88, 4, 65, 4, 22, 6, 37, 6, 3, 2, 7, 4, 4, 12, 3, 241, 8, 55, 5, 9, 10, 12]
[array([0., 0., 0., 0., 1., 1., 1., 2., 3.]), array([0., 0., 0., 0., 1., 1., 1., 1., 2.]), array([0. , 0. , 0. , 0. , 0.5, 1. , 1. , 1. , 2. ]), array([ 0. ,  0. ,  0. ,  1. ,  1. ,  1. ,  1. ,  3.2, 35.2]), array([0. , 0. , 1. , 1. , 1. , 1. , 1. , 1.2, 2. ]), array([0., 0., 0., 0., 0., 1., 1., 1., 1.]), array([0., 0., 0., 1., 1., 1., 1., 2., 2.]), array([0. , 0. , 1. , 1. , 1. , 1. , 1. , 1. , 2.1]), array([0., 0., 0., 0., 1., 1., 1., 1., 2.]), array([0. , 0. , 0. , 1. , 1. , 1. , 1. , 1.2, 2. ]), array([ 0. ,  0. ,  1. ,  1. ,  1. ,  1. ,  2. ,  8.6, 67.1]), array([0., 0., 0., 0., 0., 1., 1., 1., 1.]), array([ 0. ,  0. ,  0. ,  0. ,  1. ,  1. ,  3. ,  8. , 27.1]), array([0., 0., 1., 1., 1., 1., 1., 2., 2.]), array([0. , 0. , 0. , 0.6, 1. , 1. , 1. , 1. , 1. ]), array([0. , 0. , 0. , 0. , 0.5, 1. , 1. , 1. , 1. ]), array([0., 0., 0., 0., 1., 1., 1., 1., 2.]), array([ 0. ,  0. ,  0. ,  1. ,  1. ,  1. ,  2.3,  5. , 49.4]), array([0., 0., 1., 1., 1., 1., 1., 2., 3.]), array([0., 0., 0., 0., 0., 1., 1., 1., 1.]), array([0., 0., 0., 0., 1., 1., 1., 1., 1.]), array([0., 0., 1., 1., 1., 1., 1., 2., 3.]), array([0., 0., 0., 1., 1., 1., 1., 1., 2.]), array([0., 0., 0., 1., 1., 1., 1., 1., 1.]), array([ 0. ,  0. ,  0.7,  1. ,  1. ,  1. ,  2. ,  4.2, 12. ]), array([0., 0., 0., 0., 0., 0., 0., 1., 1.]), array([0. , 0. , 0. , 1. , 1. , 1. , 1. , 1.2, 3. ]), array([0., 0., 0., 0., 1., 1., 1., 1., 2.]), array([ 0. ,  0. ,  0. ,  1. ,  1. ,  2. ,  2. ,  5. , 14.3]), array([0., 0., 0., 0., 1., 1., 1., 1., 2.]), array([0. , 0. , 0. , 0. , 1. , 1. , 1.3, 2.2, 4.2]), array([0., 0., 0., 0., 1., 1., 1., 1., 2.]), array([0. , 0. , 0. , 1. , 1. , 1. , 1.3, 2.2, 5. ]), array([0., 0., 0., 0., 0., 1., 1., 1., 2.]), array([0., 0., 1., 1., 1., 1., 1., 2., 3.]), array([0., 0., 1., 1., 1., 1., 1., 2., 2.]), array([0., 0., 0., 1., 1., 1., 1., 1., 1.]), array([0., 0., 0., 1., 1., 1., 1., 1., 2.]), array([0., 0., 0., 0., 1., 1., 1., 1., 2.]), array([0., 0., 0., 1., 1., 1., 1., 1., 2.]), array([0., 0., 0., 1., 1., 1., 1., 1., 2.]), array([0., 0., 0., 0., 1., 1., 1., 1., 2.]), array([0., 0., 0., 0., 1., 1., 1., 1., 1.]), array([ 0. ,  0. ,  0. ,  1. ,  1. ,  1. ,  1.3,  3. , 19.1]), array([0., 0., 0., 1., 1., 1., 1., 1., 2.]), array([0. , 0. , 1. , 1. , 1. , 1. , 1.3, 5. , 8. ]), array([0., 0., 0., 1., 1., 1., 1., 1., 2.]), array([0., 0., 0., 1., 1., 1., 1., 2., 2.]), array([0. , 0. , 0. , 0.6, 1. , 1. , 1. , 1. , 2. ]), array([0., 0., 0., 0., 0., 1., 1., 2., 3.])]
Mean of Means: 2.271

alpha = 0.5, epsilon = 0.01 (divide by 1.05 each time)
50 epochs, 5 iterations
x bin = [300]
[1.84, 3.3, 1.06, 1.68, 0.72]
[2.377898231632296, 8.087644898238299, 1.2870120434556935, 2.556873090319502, 0.7493997598078078]
[13, 49, 8, 17, 3]
[]
1.72

alpha = 0.5, epsilon = 0.01 (divide by 1.05 each time)
50 epochs, 5 iterations
x bin = [150]
[0.04, 0.24, 6.1, 0.28, 0.76]
[0.19595917942265428, 0.47159304490206383, 15.332644912082195, 0.6337191807101944, 2.0450916849862746]
[1, 2, 75, 3, 13]
[]
1.484

alpha = 0.5, epsilon = 0.01 (divide by 1.05 each time)
50 epochs, 5 iterations
x bin = [100, 200]
[0.36, 0.18, 2.64, 0.34, 1.5]
[0.5571355310873648, 0.554616984954482, 6.048999917341709, 0.6514598989960932, 2.9274562336608896]
[2, 3, 28, 3, 18]
[]
1.004

alpha = 0.5, epsilon = 0.01 (divide by 1.05 each time)
75 epochs, 5 iterations
x bin = [300]
[0.72, 10.426666666666666, 10.533333333333333, 10.453333333333333, 3.36]
[0.8092795149596543, 31.35226662016994, 25.521929568292617, 32.91941406255923, 6.494387320345674]
[4, 176, 173, 223, 41]
[]
7.0986666666666665

alpha = 0.5, epsilon = 0.02 (divide by 1.05 each time)
100 epochs, 10 iterations
self.y_bins = [500] # delete
self.t_bins = [-50, 0, 50, 100, 150]
self.x_bins = [500] # delete
self.vel_bins = [-25, -5, 0]
[56.46, 2.74, 9.83, 2.34, 3.91, 31.17, 34.3, 15.92, 21.65, 32.8]
[105.8498389228817, 4.30724970253641, 45.40838138493818, 3.9679213701886784, 7.551284658917316, 78.24245075405038, 77.66305427936761, 49.156012857024926, 58.71803385672923, 62.84552490034592]
[548, 27, 327, 24, 55, 494, 429, 383, 302, 272]
[]
21.112000000000002

alpha = 0.5, epsilon = 0.02 (divide by 1.05 each time)
100 epochs, 10 iterations
self.y_bins = [500] # delete
self.t_bins = [0, 20, 40, 60, 80, 100, 150]
self.x_bins = [500] # delete
self.vel_bins = [-25, -5, 0]
[51.71, 2.69, 72.46, 31.52, 19.85, 90.83, 18.12, 18.96, 7.34, 43.3]
[124.76355998447625, 3.437135435213457, 214.26303554276456, 57.69861003525127, 36.803362618108686, 204.52188415912858, 35.92165920444099, 43.64560000733177, 17.654585806526303, 86.44703580805995]
[689, 21, 1355, 294, 158, 1355, 189, 257, 152, 486]
[]
35.678

alpha = 0.5, epsilon = 0.02 (divide by 1.05 each time)
100 epochs, 10 iterations
self.y_bins = [500] # delete
self.t_bins = [0, 20, 40, 60, 80, 100, 150]
self.x_bins = [500] # delete
self.vel_bins = [-15, -5, 0, 5]
[111.52, 2.47, 11.6, 52.81, 10.93, 82.02, 47.43, 7.94, 9.64, 162.92]
[197.3879672117832, 3.147872297282722, 28.458390678321926, 87.75348369153215, 23.02531433010199, 189.43800991353345, 130.80414787001214, 14.839016139892832, 16.913615816850044, 305.6505743492068]
[842, 21, 175, 448, 123, 969, 724, 114, 111, 1640]
[]
49.928

alpha = 0.2, epsilon = 0.01, gamma = 0.7 (divide by 1.05 each time)
100 epochs, 10 iterations
self.y_bins = [500] # delete
self.t_bins = [0, 20, 40, 60, 80, 100, 150]
self.x_bins = [500] # delete
self.vel_bins = [-15, -5, 0, 5]
[5.06, 2.86, 10.22, 21.22, 6.0, 3.87, 97.23, 3.04, 4.79, 7.41]
[11.486357124867745, 11.600879277020338, 23.838447936054898, 40.11298542866138, 22.261176967986216, 6.082195327346862, 301.4741731890146, 5.956374736364394, 10.835400315632091, 16.666190326526337]
[68, 115, 150, 276, 198, 29, 2060, 53, 54, 134]
[]
16.169999999999998
